;Logged EGM-4 Data
;SoftwareVersion=1.05
;Plot	RecNo	Day	Month	Hour	Min	CO2 Ref	mb Ref	mbR Temp	Input A	Input B	Input C	Input D	Input E	Input F	Input G	Input H	ATMP	Probe Type
52	0001	14	02	22	32	00596	00.0	+00.0	0000	000.0	016.4	0000	0000	0000	00	00	0998	01
52	0001	14	02	22	33	00597	00.0	+00.0	0000	000.0	016.4	0000	0000	0000	00	00	0998	01
52	0001	14	02	22	33	00598	00.0	+00.0	0000	000.0	016.2	0000	0000	0000	00	00	0998	01
52	0001	14	02	22	33	00599	00.0	+00.0	0000	000.0	016.7	0000	0000	0000	00	00	0998	01
60	0001	14	02	22	34	00593	00.0	+00.0	0000	000.0	016.6	0000	0000	0000	00	00	0998	01
60	0001	14	02	22	34	00594	00.0	+00.0	0000	000.0	016.3	0000	0000	0000	00	00	0998	01
60	0001	14	02	22	34	00599	00.0	+00.0	0000	000.0	016.3	0000	0000	0000	00	00	0998	01
53	0001	14	02	22	36	00589	00.0	+00.0	0000	000.0	016.7	0000	0000	0000	00	00	0998	01
53	0001	14	02	22	38	00595	00.0	+00.0	0000	000.0	016.6	0000	0000	0000	00	00	0998	01
53	0001	14	02	22	38	00595	00.0	+00.0	0000	000.0	016.5	0000	0000	0000	00	00	0998	01
53	0001	14	02	22	38	00595	00.0	+00.0	0000	000.0	016.4	0000	0000	0000	00	00	0998	01
43	0001	14	02	22	39	00601	00.0	+00.0	0000	000.0	016.9	0000	0000	0000	00	00	0998	01
43	0001	14	02	22	39	00602	00.0	+00.0	0000	000.0	016.7	0000	0000	0000	00	00	0998	01
43	0001	14	02	22	39	00604	00.0	+00.0	0000	000.0	016.7	0000	0000	0000	00	00	0998	01
54	0001	14	02	22	39	00610	00.0	+00.0	0000	000.0	016.4	0000	0000	0000	00	00	0998	01
54	0001	14	02	22	40	00606	00.0	+00.0	0000	000.0	016.3	0000	0000	0000	00	00	0998	01
54	0001	14	02	22	40	00606	00.0	+00.0	0000	000.0	016.2	0000	0000	0000	00	00	0998	01
57	0001	14	02	22	40	00606	00.0	+00.0	0000	000.0	016.0	0000	0000	0000	00	00	0998	01
57	0001	14	02	22	40	00605	00.0	+00.0	0000	000.0	016.8	0000	0000	0000	00	00	0998	01
57	0001	14	02	22	41	00606	00.0	+00.0	0000	000.0	016.8	0000	0000	0000	00	00	0998	01
41	0001	14	02	22	41	00602	00.0	+00.0	0000	000.0	016.6	0000	0000	0000	00	00	0998	01
41	0001	14	02	22	41	00601	00.0	+00.0	0000	000.0	016.5	0000	0000	0000	00	00	0998	01
41	0001	14	02	22	41	00600	00.0	+00.0	0000	000.0	016.5	0000	0000	0000	00	00	0998	01
69	0001	14	02	22	42	00600	00.0	+00.0	0000	000.0	016.2	0000	0000	0000	00	00	0999	01
69	0001	14	02	22	42	00600	00.0	+00.0	0000	000.0	016.1	0000	0000	0000	00	00	0998	01
69	0001	14	02	22	42	00601	00.0	+00.0	0000	000.0	016.0	0000	0000	0000	00	00	0998	01
48	0001	14	02	22	42	00603	00.0	+00.0	0000	000.0	016.9	0000	0000	0000	00	00	0998	01
48	0001	14	02	22	42	00603	00.0	+00.0	0000	000.0	016.9	0000	0000	0000	00	00	0998	01
48	0001	14	02	22	43	00603	00.0	+00.0	0000	000.0	016.8	0000	0000	0000	00	00	0998	01
48	0001	14	02	22	43	00604	00.0	+00.0	0000	000.0	016.7	0000	0000	0000	00	00	0998	01
48	0001	14	02	22	43	00605	00.0	+00.0	0000	000.0	016.7	0000	0000	0000	00	00	0998	01
36	0001	14	02	22	43	00606	00.0	+00.0	0000	000.0	016.6	0000	0000	0000	00	00	0998	01
36	0001	14	02	22	43	00605	00.0	+00.0	0000	000.0	016.5	0000	0000	0000	00	00	0998	01
36	0001	14	02	22	44	00607	00.0	+00.0	0000	000.0	016.4	0000	0000	0000	00	00	0998	01
35	0001	14	02	22	44	00604	00.0	+00.0	0000	000.0	016.4	0000	0000	0000	00	00	0998	01
35	0001	14	02	22	44	00603	00.0	+00.0	0000	000.0	016.3	0000	0000	0000	00	00	0998	01
35	0001	14	02	22	44	00602	00.0	+00.0	0000	000.0	016.3	0000	0000	0000	00	00	0998	01
45	0001	14	02	22	45	00607	00.0	+00.0	0000	000.0	016.1	0000	0000	0000	00	00	0998	01
45	0001	14	02	22	45	00607	00.0	+00.0	0000	000.0	016.1	0000	0000	0000	00	00	0998	01
45	0001	14	02	22	45	00608	00.0	+00.0	0000	000.0	016.0	0000	0000	0000	00	00	0998	01
51	0001	14	02	22	46	00605	00.0	+00.0	0000	000.0	016.0	0000	0000	0000	00	00	0998	01
51	0001	14	02	22	46	00604	00.0	+00.0	0000	000.0	016.9	0000	0000	0000	00	00	0998	01
51	0001	14	02	22	46	00604	00.0	+00.0	0000	000.0	016.9	0000	0000	0000	00	00	0998	01
50	0001	14	02	22	46	00604	00.0	+00.0	0000	000.0	016.8	0000	0000	0000	00	00	0999	01
50	0001	14	02	22	47	00604	00.0	+00.0	0000	000.0	016.8	0000	0000	0000	00	00	0998	01
50	0001	14	02	22	47	00604	00.0	+00.0	0000	000.0	016.7	0000	0000	0000	00	00	0998	01
49	0001	14	02	22	47	00619	00.0	+00.0	0000	000.0	016.7	0000	0000	0000	00	00	0998	01
49	0001	14	02	22	47	00618	00.0	+00.0	0000	000.0	016.6	0000	0000	0000	00	00	0998	01
49	0001	14	02	22	48	00619	00.0	+00.0	0000	000.0	016.5	0000	0000	0000	00	00	0998	01
61	0001	14	02	22	48	00609	00.0	+00.0	0000	000.0	016.5	0000	0000	0000	00	00	0998	01
61	0001	14	02	22	48	00608	00.0	+00.0	0000	000.0	016.4	0000	0000	0000	00	00	0998	01
61	0001	14	02	22	48	00607	00.0	+00.0	0000	000.0	016.4	0000	0000	0000	00	00	0998	01
70	0001	14	02	22	49	00606	00.0	+00.0	0000	000.0	016.4	0000	0000	0000	00	00	0998	01
70	0001	14	02	22	49	00606	00.0	+00.0	0000	000.0	016.4	0000	0000	0000	00	00	0998	01
70	0001	14	02	22	49	00606	00.0	+00.0	0000	000.0	016.3	0000	0000	0000	00	00	0998	01
55	0001	14	02	22	49	00607	00.0	+00.0	0000	000.0	016.3	0000	0000	0000	00	00	0998	01
55	0001	14	02	22	50	00607	00.0	+00.0	0000	000.0	016.2	0000	0000	0000	00	00	0998	01
55	0001	14	02	22	50	00607	00.0	+00.0	0000	000.0	016.2	0000	0000	0000	00	00	0998	01
37	0001	14	02	22	50	00607	00.0	+00.0	0000	000.0	016.2	0000	0000	0000	00	00	0998	01
37	0001	14	02	22	50	00607	00.0	+00.0	0000	000.0	016.2	0000	0000	0000	00	00	0998	01
37	0001	14	02	22	50	00606	00.0	+00.0	0000	000.0	016.2	0000	0000	0000	00	00	0999	01
;Logging Stopped after 61 record(s)
